{
    "_versionMajor": 0,
    "_versionMinor": 4,
    "boundsCenter": {
        "x": 0.2926621437072754,
        "y": -1.2145745754241943,
        "z": 0.006578683853149414
    },
    "boundsSize": {
        "x": 3.060997486114502,
        "y": 3.7629289627075195,
        "z": 3.3714370727539063
    },
    "format": "perpixel",
    "numAngles": 10,
    "numColumns": 5,
    "numRows": 2,
    "perspectives": [
        {
            "clipEpsilon": 0.002894371747970581,
            "crop": {
                "w": 1.0,
                "x": 0.0,
                "y": 0.0,
                "z": 1.0
            },
            "depthFocalLength": {
                "x": 251.9872589111328,
                "y": 252.0447998046875
            },
            "depthImageSize": {
                "x": 376.0,
                "y": 296.0
            },
            "depthPrincipalPoint": {
                "x": 188.71932983398438,
                "y": 183.84181213378906
            },
            "extrinsics": {
                "e00": 0.01933741755783558,
                "e01": 0.5893176794052124,
                "e02": 0.8076699376106262,
                "e03": 1.232552409172058,
                "e10": -0.9988980889320374,
                "e11": -0.023163193836808205,
                "e12": 0.040816906839609146,
                "e13": -1.5464951992034912,
                "e20": 0.04276234284043312,
                "e21": -0.8075692653656006,
                "e22": 0.5882204174995422,
                "e23": 0.7861337065696716,
                "e30": 0.0,
                "e31": 0.0,
                "e32": 0.0,
                "e33": 1.0
            },
            "farClip": 1.9774905443191528,
            "nearClip": 0.25
        },
        {
            "clipEpsilon": 0.0028777134139090776,
            "crop": {
                "w": 1.0,
                "x": 0.0,
                "y": 0.0,
                "z": 1.0
            },
            "depthFocalLength": {
                "x": 504.154052734375,
                "y": 504.3021545410156
            },
            "depthImageSize": {
                "x": 752.0,
                "y": 595.0
            },
            "depthPrincipalPoint": {
                "x": 375.24822998046875,
                "y": 363.8976745605469
            },
            "extrinsics": {
                "e00": -0.0354364775121212,
                "e01": -0.6786409020423889,
                "e02": -0.7336148619651794,
                "e03": -0.5958247780799866,
                "e10": 0.9992910027503967,
                "e11": -0.014718405902385712,
                "e12": -0.03465420380234718,
                "e13": -1.5233570337295532,
                "e20": 0.012720117345452309,
                "e21": -0.7343227863311768,
                "e22": 0.6786813139915466,
                "e23": 0.8083629012107849,
                "e30": 0.0,
                "e31": 0.0,
                "e32": 0.0,
                "e33": 1.0
            },
            "farClip": 1.9774905443191528,
            "nearClip": 0.23999999463558197
        },
        {
            "clipEpsilon": 0.0028777134139090776,
            "crop": {
                "w": 1.0,
                "x": 0.0,
                "y": 0.0,
                "z": 1.0
            },
            "depthFocalLength": {
                "x": 504.6227722167969,
                "y": 504.7875061035156
            },
            "depthImageSize": {
                "x": 750.0,
                "y": 592.0
            },
            "depthPrincipalPoint": {
                "x": 386.1719055175781,
                "y": 365.1848449707031
            },
            "extrinsics": {
                "e00": -0.6350013613700867,
                "e01": 0.7700257897377014,
                "e02": -0.06191599369049072,
                "e03": 0.12772038578987122,
                "e10": -0.0019112724112346768,
                "e11": -0.08171476423740387,
                "e12": -0.9966539144515991,
                "e13": -2.551840305328369,
                "e20": -0.7725086808204651,
                "e21": -0.6327582597732544,
                "e22": 0.053360715508461,
                "e23": 0.10596120357513428,
                "e30": 0.0,
                "e31": 0.0,
                "e32": 0.0,
                "e33": 1.0
            },
            "farClip": 1.9774905443191528,
            "nearClip": 0.23999999463558197
        },
        {
            "clipEpsilon": 0.0028777134139090776,
            "crop": {
                "w": 1.0,
                "x": 0.0,
                "y": 0.0,
                "z": 1.0
            },
            "depthFocalLength": {
                "x": 504.54180908203125,
                "y": 504.6265869140625
            },
            "depthImageSize": {
                "x": 750.0,
                "y": 594.0
            },
            "depthPrincipalPoint": {
                "x": 379.8863525390625,
                "y": 369.93084716796875
            },
            "extrinsics": {
                "e00": -0.00037666995194740593,
                "e01": 0.3467664122581482,
                "e02": -0.9379514455795288,
                "e03": -1.0060948133468628,
                "e10": 0.9999985098838806,
                "e11": -0.001461131265386939,
                "e12": -0.0009417764958925545,
                "e13": -0.9080261588096619,
                "e20": -0.001697046565823257,
                "e21": -0.9379503726959229,
                "e22": -0.34676533937454224,
                "e23": -0.529149055480957,
                "e30": 0.0,
                "e31": 0.0,
                "e32": 0.0,
                "e33": 1.0
            },
            "farClip": 1.9774905443191528,
            "nearClip": 0.23999999463558197
        },
        {
            "clipEpsilon": 0.002894371747970581,
            "crop": {
                "w": 1.0,
                "x": 0.0,
                "y": 0.0,
                "z": 1.0
            },
            "depthFocalLength": {
                "x": 504.38818359375,
                "y": 504.35113525390625
            },
            "depthImageSize": {
                "x": 752.0,
                "y": 595.0
            },
            "depthPrincipalPoint": {
                "x": 399.8936462402344,
                "y": 369.0414123535156
            },
            "extrinsics": {
                "e00": -0.010282278060913086,
                "e01": -0.9976543188095093,
                "e02": 0.06767632812261581,
                "e03": 0.13716351985931396,
                "e10": 0.9999467134475708,
                "e11": -0.010322240181267262,
                "e12": -0.000240816647419706,
                "e13": -1.5316822528839111,
                "e20": 0.0009388230973854661,
                "e21": 0.06767024844884872,
                "e22": 0.9977073073387146,
                "e23": 1.4750797748565674,
                "e30": 0.0,
                "e31": 0.0,
                "e32": 0.0,
                "e33": 1.0
            },
            "farClip": 1.9774905443191528,
            "nearClip": 0.25
        },
        {
            "clipEpsilon": 0.0028777134139090776,
            "crop": {
                "w": 1.0,
                "x": 0.0,
                "y": 0.0,
                "z": 1.0
            },
            "depthFocalLength": {
                "x": 504.3330078125,
                "y": 504.5142822265625
            },
            "depthImageSize": {
                "x": 752.0,
                "y": 593.0
            },
            "depthPrincipalPoint": {
                "x": 372.62738037109375,
                "y": 370.4697570800781
            },
            "extrinsics": {
                "e00": 0.06089167296886444,
                "e01": -0.5728792548179626,
                "e02": 0.8173748254776001,
                "e03": 0.9951298236846924,
                "e10": -0.9981051683425903,
                "e11": -0.04220765829086304,
                "e12": 0.04477309435606003,
                "e13": -0.9546363949775696,
                "e20": 0.008849900215864182,
                "e21": -0.8185523152351379,
                "e22": -0.5743638277053833,
                "e23": -0.6322309970855713,
                "e30": 0.0,
                "e31": 0.0,
                "e32": 0.0,
                "e33": 1.0
            },
            "farClip": 1.9774905443191528,
            "nearClip": 0.23999999463558197
        },
        {
            "clipEpsilon": 0.0028777134139090776,
            "crop": {
                "w": 1.0,
                "x": 0.0,
                "y": 0.0,
                "z": 1.0
            },
            "depthFocalLength": {
                "x": 503.9107666015625,
                "y": 503.9704284667969
            },
            "depthImageSize": {
                "x": 751.0,
                "y": 594.0
            },
            "depthPrincipalPoint": {
                "x": 381.78521728515625,
                "y": 373.3848876953125
            },
            "extrinsics": {
                "e00": 0.003322736592963338,
                "e01": 0.6074427962303162,
                "e02": 0.7943564653396606,
                "e03": 1.2230397462844849,
                "e10": -0.9999715685844421,
                "e11": 0.007396484725177288,
                "e12": -0.0014732667477801442,
                "e13": -0.9086078405380249,
                "e20": -0.006770370993763208,
                "e21": -0.7943289875984192,
                "e22": 0.6074500679969788,
                "e23": 0.7723385095596313,
                "e30": 0.0,
                "e31": 0.0,
                "e32": 0.0,
                "e33": 1.0
            },
            "farClip": 1.9774905443191528,
            "nearClip": 0.23999999463558197
        },
        {
            "clipEpsilon": 0.0028777134139090776,
            "crop": {
                "w": 1.0,
                "x": 0.0,
                "y": 0.0,
                "z": 1.0
            },
            "depthFocalLength": {
                "x": 505.0973205566406,
                "y": 505.27264404296875
            },
            "depthImageSize": {
                "x": 750.0,
                "y": 594.0
            },
            "depthPrincipalPoint": {
                "x": 375.8990783691406,
                "y": 369.44110107421875
            },
            "extrinsics": {
                "e00": -0.014444324187934399,
                "e01": 0.993025541305542,
                "e02": -0.1170111671090126,
                "e03": -0.005195409059524536,
                "e10": 0.9998941421508789,
                "e11": 0.014548654668033123,
                "e12": 3.7519013858400285e-05,
                "e13": -1.0382663011550903,
                "e20": 0.001739612314850092,
                "e21": -0.11699824035167694,
                "e22": -0.993130624294281,
                "e23": -1.530888557434082,
                "e30": 0.0,
                "e31": 0.0,
                "e32": 0.0,
                "e33": 1.0
            },
            "farClip": 1.9774905443191528,
            "nearClip": 0.23999999463558197
        },
        {
            "clipEpsilon": 0.0028777134139090776,
            "crop": {
                "w": 1.0,
                "x": 0.0,
                "y": 0.0,
                "z": 1.0
            },
            "depthFocalLength": {
                "x": 504.0066223144531,
                "y": 504.1114807128906
            },
            "depthImageSize": {
                "x": 750.0,
                "y": 598.0
            },
            "depthPrincipalPoint": {
                "x": 387.3820495605469,
                "y": 370.6620788574219
            },
            "extrinsics": {
                "e00": 0.018400168046355247,
                "e01": 0.5772643089294434,
                "e02": -0.816349983215332,
                "e03": -0.7682050466537476,
                "e10": -0.9998272061347961,
                "e11": 0.008455200120806694,
                "e12": -0.0165567509829998,
                "e13": -0.8831207156181335,
                "e20": -0.0026552188210189342,
                "e21": 0.8165135383605957,
                "e22": 0.5773201584815979,
                "e23": 0.6495913863182068,
                "e30": 0.0,
                "e31": 0.0,
                "e32": 0.0,
                "e33": 1.0
            },
            "farClip": 1.9774905443191528,
            "nearClip": 0.23999999463558197
        },
        {
            "clipEpsilon": 0.0028777134139090776,
            "crop": {
                "w": 1.0,
                "x": 0.0,
                "y": 0.0,
                "z": 1.0
            },
            "depthFocalLength": {
                "x": 504.2516784667969,
                "y": 504.23712158203125
            },
            "depthImageSize": {
                "x": 751.0,
                "y": 593.0
            },
            "depthPrincipalPoint": {
                "x": 383.94482421875,
                "y": 368.7847595214844
            },
            "extrinsics": {
                "e00": 0.0220485869795084,
                "e01": 0.9670447707176208,
                "e02": -0.2536497712135315,
                "e03": -0.08837977051734924,
                "e10": -0.998300313949585,
                "e11": 0.034986626356840134,
                "e12": 0.046609628945589066,
                "e13": -0.8821485638618469,
                "e20": 0.053947947919368744,
                "e21": 0.2521909773349762,
                "e22": 0.9661725163459778,
                "e23": 1.465653419494629,
                "e30": 0.0,
                "e31": 0.0,
                "e32": 0.0,
                "e33": 1.0
            },
            "farClip": 1.9774905443191528,
            "nearClip": 0.23999999463558197
        }
    ],
    "textureHeight": 2392,
    "textureWidth": 3770
}
